inits1 <- list(
Amax = 8.064,
Arep = c(
5.749,4.268,5.154,4.746,8.792,
8.887,6.76,5.74,1.372,-0.7784,
14.15,7.257,9.919,7.14,-1.619,
3.332,5.683,-0.6083,-2.617,0.7555,
7.893,12.48,6.348,6.345,9.864,
4.549,2.018,5.37,-0.3688,-0.7509,
4.815,3.288,9.524,8.945,4.86,
4.703,5.624,4.025,-1.081,0.2823,
6.493,4.048,8.037,5.544,10.03,
7.554,4.007,-1.644,0.5151,-1.044,
7.16,7.451,8.896,4.886,8.124,
8.234,4.832,3.467,3.333,-1.105,
9.281,8.048,8.456,7.902,5.764,
9.8,8.273,6.166,2.722,-0.1221,
6.739,4.026,8.491,6.538,5.765,
7.014,0.4514,3.374,4.363,0.9553,
10.75,6.404,4.583,6.332,3.987,
8.198,3.01,7.4,1.885,3.352,
7.077,8.179,9.906,6.574,1.055,
7.983,3.389,5.887,3.191,-1.622,
7.41,10.26,8.744,7.867,7.575,
5.421,0.9536,2.462,1.358,-5.475,
5.961,7.052,7.528,9.917,7.752,
5.066,4.128,4.508,0.6739,-2.576,
1.454,4.399,7.83,3.393,7.709,
6.622,4.685,3.536,2.84,2.932,
7.617,4.849,5.872,4.981,7.863,
7.508,2.383,2.547,6.001,1.664,
9.191,7.666,7.076,7.501,6.331,
9.859,6.146,-1.864,2.422,-6.674,
10.08,6.266,5.391,6.487,2.627,
6.338,7.065,2.764,2.756,-5.145,
8.205,5.041,5.152,1.32,2.823,
7.367,6.56,3.26,-0.6553,-3.009,
9.011,9.658,10.54,11.66,11.45,
6.679,5.941,7.319,1.847,5.744,
6.783,8.133,6.746,7.344,10.52,
7.36,5.692,5.974,1.792,0.5145,
9.759,6.918,6.903,5.506,8.858,
4.242,-0.9692,4.417,-1.147,-6.138,
6.064,9.435,6.574,3.775,4.487,
5.249,1.355,4.239,0.7981,3.571),
LUE = 0.0553,
Rd = 0.2907,
tau.A = 0.1819)
