inits2 <- list(
Amax = 7.686,
Arep = c(
5.272,5.621,5.39,2.778,6.084,
3.19,4.74,4.129,-0.4415,-0.8783,
8.022,6.949,6.572,7.698,4.613,
3.521,6.207,6.328,3.477,1.554,
7.93,4.449,6.021,10.43,7.244,
1.854,2.159,8.563,5.261,0.3836,
5.081,4.34,9.178,5.936,8.705,
6.873,7.472,4.013,4.045,0.4427,
5.884,7.413,4.106,6.923,5.384,
6.152,2.058,1.35,0.4621,-1.721,
9.454,5.706,8.697,4.769,3.367,
4.886,3.925,1.333,0.8209,0.1837,
6.64,5.338,10.8,4.071,3.341,
10.86,7.294,3.862,3.373,0.05817,
7.699,2.339,2.057,10.31,8.078,
5.39,5.741,7.194,1.865,-0.2064,
7.687,3.927,6.847,5.775,5.982,
5.687,0.5766,0.1854,-1.94,-3.743,
7.569,9.169,7.027,8.197,0.8857,
7.387,4.458,6.886,2.824,-0.932,
7.127,3.212,6.245,10.26,9.079,
9.789,4.449,3.407,1.641,2.466,
5.514,5.747,11.0,4.349,5.618,
2.76,3.776,5.902,-0.8351,1.227,
7.732,10.44,8.789,9.212,6.7,
1.335,5.033,5.756,4.529,2.859,
8.661,8.893,6.662,8.543,6.41,
3.355,2.143,2.012,-0.904,0.1469,
7.925,8.68,7.361,5.514,7.753,
6.427,4.334,4.871,1.257,1.841,
7.477,6.47,8.169,3.182,4.406,
4.578,3.43,1.946,-0.6097,-3.235,
9.475,8.258,8.205,7.547,3.27,
5.495,3.941,2.553,0.1176,-3.034,
5.739,8.448,6.883,9.573,3.598,
3.237,4.999,4.819,-0.9082,-0.9546,
7.506,6.892,5.953,5.798,3.98,
2.459,3.812,-1.632,2.096,0.3697,
9.279,6.637,9.532,11.02,4.292,
5.078,4.585,5.254,3.415,1.442,
5.749,9.837,5.602,8.541,8.058,
3.277,5.682,3.066,2.262,-1.331),
LUE = 0.04414,
Rd = 0.03723,
tau.A = 0.2006)
