inits3 <- list(
Amax = 8.413,
Arep = c(
5.277,2.566,5.277,6.147,9.604,
6.602,6.46,6.35,1.243,0.813,
6.532,9.196,9.146,3.846,5.291,
5.129,0.2413,2.314,7.264,-0.4255,
5.407,6.773,6.0,7.966,2.257,
8.568,7.334,1.234,-0.4388,-0.1874,
4.925,8.744,6.614,6.625,4.682,
7.484,3.452,1.909,5.821,-1.118,
8.22,8.603,8.41,5.459,9.79,
4.276,3.829,-0.6578,-0.1229,-2.601,
3.91,4.097,8.784,10.15,8.378,
3.624,7.064,6.693,4.978,-0.2449,
9.008,6.438,7.32,8.364,6.822,
8.28,3.836,2.538,4.103,2.525,
5.495,6.373,9.723,5.238,7.301,
8.901,4.392,1.087,-1.127,2.749,
7.211,7.929,6.995,6.826,5.548,
4.28,8.265,2.503,4.65,0.02652,
5.739,10.46,6.523,5.831,6.548,
9.468,5.461,3.925,3.186,2.353,
6.132,7.847,7.727,10.21,8.525,
6.134,2.032,3.169,2.331,1.94,
6.751,3.312,8.588,7.445,0.7428,
3.549,1.515,0.6409,3.774,-0.2782,
7.111,8.991,3.803,11.67,7.772,
7.285,5.231,2.397,2.967,-1.694,
10.69,7.725,6.951,5.826,4.432,
2.398,6.784,3.48,2.617,-3.609,
10.98,9.22,6.202,7.838,5.302,
9.14,6.317,1.754,1.85,-1.408,
1.844,5.494,10.75,11.4,5.567,
7.311,2.988,3.26,1.121,1.155,
6.933,6.786,5.29,5.665,7.692,
5.181,5.76,4.776,1.195,4.025,
6.21,5.588,4.622,8.782,4.784,
6.141,5.817,7.367,4.334,-1.277,
4.981,2.376,4.401,9.625,9.303,
7.558,4.059,6.027,2.977,3.813,
8.665,8.455,3.272,4.043,7.872,
6.424,6.229,5.2,-0.4042,-4.25,
8.816,6.364,4.48,11.47,5.077,
4.808,3.474,2.506,2.776,-0.9664),
LUE = 0.08468,
Rd = 0.9562,
tau.A = 0.1942)
